
% pulse width
pulse_width = [ 0; 0; 0; 0; 0; 0; 0; 0; 0];
freq = [ 0; 0; 0; 0; 0; 0; 0; 0; 0];
T_del = 0.025;
curve_fit = [ 0 0;...
              0 0;...
              0 0;...
              0 0;...
              0 0;...
              0 0;...
              0 0;...
              0 0;...
              0 0]; 

fit_min = [ 0; 0; 0.2; 0.2; 0; 0; 0; 0.5; 0.3];
T_ca = [0.04;0.04;0.05;0.05;0.05;0.03;0.04;0.05;0.07;0.06];


vis = [2; 1; .6];

para_reduction = 0.45;
F_max = para_reduction*[1850;2370;2190;400;1000;5200;1600;3600;110];




         
          
